# gain: 1.04997837418799
# decimation: 14
# width: 24
# narrow: 1.05
# window: hanning
# coefficients: 18 bits
# 
0.00000000000000
0.00000000000000
0.00000000000000
-0.00000762939453
-0.00000762939453
-0.00000762939453
0.00000762939453
0.00003814697266
0.00008392333984
0.00014495849609
0.00022125244141
0.00030517578125
0.00039672851562
0.00048065185547
0.00054931640625
0.00058746337891
0.00059509277344
0.00056457519531
0.00047302246094
0.00032806396484
0.00012207031250
-0.00012969970703
-0.00043487548828
-0.00077819824219
-0.00113677978516
-0.00149536132812
-0.00183105468750
-0.00211334228516
-0.00231933593750
-0.00242614746094
-0.00240325927734
-0.00225067138672
-0.00194549560547
-0.00148773193359
-0.00088500976562
-0.00015258789062
0.00067901611328
0.00158691406250
0.00252532958984
0.00344085693359
0.00428771972656
0.00500488281250
0.00554656982422
0.00585174560547
0.00589752197266
0.00563812255859
0.00505828857422
0.00416564941406
0.00296783447266
0.00150299072266
-0.00016784667969
-0.00199890136719
-0.00389862060547
-0.00577545166016
-0.00753021240234
-0.00906372070312
-0.01027679443359
-0.01107788085938
-0.01140594482422
-0.01118469238281
-0.01039886474609
-0.00903320312500
-0.00711059570312
-0.00469207763672
-0.00185394287109
0.00128936767578
0.00460815429688
0.00795745849609
0.01115417480469
0.01404571533203
0.01646423339844
0.01824951171875
0.01927185058594
0.01942443847656
0.01865386962891
0.01692199707031
0.01425933837891
0.01071929931641
0.00643157958984
0.00154876708984
-0.00371551513672
-0.00915527343750
-0.01450347900391
-0.01949310302734
-0.02385711669922
-0.02735137939453
-0.02975463867188
-0.03086853027344
-0.03057861328125
-0.02880096435547
-0.02552795410156
-0.02084350585938
-0.01486968994141
-0.00782775878906
0.00000000000000
0.00830841064453
0.01670837402344
0.02480316162109
0.03220367431641
0.03849029541016
0.04331970214844
0.04636383056641
0.04737091064453
0.04618072509766
0.04271697998047
0.03702545166016
0.02922821044922
0.01959228515625
0.00845336914062
-0.00373077392578
-0.01645660400391
-0.02915191650391
-0.04119873046875
-0.05200195312500
-0.06097412109375
-0.06757354736328
-0.07135772705078
-0.07197570800781
-0.06919860839844
-0.06296539306641
-0.05335235595703
-0.04061126708984
-0.02513885498047
-0.00750732421875
0.01160430908203
0.03138732910156
0.05096435546875
0.06938934326172
0.08573913574219
0.09909820556641
0.10864257812500
0.11367034912109
0.11363220214844
0.10816192626953
0.09712982177734
0.08062744140625
0.05902099609375
0.03290557861328
0.00313568115234
-0.02919769287109
-0.06285095214844
-0.09638214111328
-0.12825775146484
-0.15686035156250
-0.18061065673828
-0.19796752929688
-0.20751190185547
-0.20800018310547
-0.19844055175781
-0.17811584472656
-0.14661407470703
-0.10389709472656
-0.05028533935547
0.01353454589844
0.08652496337891
0.16728210449219
0.25411224365234
0.34506225585938
0.43798065185547
0.53057861328125
0.62050628662109
0.70541381835938
0.78305053710938
0.85131835937500
0.90834808349609
0.95257568359375
0.98276519775391
0.99807739257812
0.99807739257812
0.98276519775391
0.95257568359375
0.90834808349609
0.85131835937500
0.78305053710938
0.70541381835938
0.62050628662109
0.53057861328125
0.43798065185547
0.34506225585938
0.25411224365234
0.16728210449219
0.08652496337891
0.01353454589844
-0.05028533935547
-0.10389709472656
-0.14661407470703
-0.17811584472656
-0.19844055175781
-0.20800018310547
-0.20751190185547
-0.19796752929688
-0.18061065673828
-0.15686035156250
-0.12825775146484
-0.09638214111328
-0.06285095214844
-0.02919769287109
0.00313568115234
0.03290557861328
0.05902099609375
0.08062744140625
0.09712982177734
0.10816192626953
0.11363220214844
0.11367034912109
0.10864257812500
0.09909820556641
0.08573913574219
0.06938934326172
0.05096435546875
0.03138732910156
0.01160430908203
-0.00750732421875
-0.02513885498047
-0.04061126708984
-0.05335235595703
-0.06296539306641
-0.06919860839844
-0.07197570800781
-0.07135772705078
-0.06757354736328
-0.06097412109375
-0.05200195312500
-0.04119873046875
-0.02915191650391
-0.01645660400391
-0.00373077392578
0.00845336914062
0.01959228515625
0.02922821044922
0.03702545166016
0.04271697998047
0.04618072509766
0.04737091064453
0.04636383056641
0.04331970214844
0.03849029541016
0.03220367431641
0.02480316162109
0.01670837402344
0.00830841064453
0.00000000000000
-0.00782775878906
-0.01486968994141
-0.02084350585938
-0.02552795410156
-0.02880096435547
-0.03057861328125
-0.03086853027344
-0.02975463867188
-0.02735137939453
-0.02385711669922
-0.01949310302734
-0.01450347900391
-0.00915527343750
-0.00371551513672
0.00154876708984
0.00643157958984
0.01071929931641
0.01425933837891
0.01692199707031
0.01865386962891
0.01942443847656
0.01927185058594
0.01824951171875
0.01646423339844
0.01404571533203
0.01115417480469
0.00795745849609
0.00460815429688
0.00128936767578
-0.00185394287109
-0.00469207763672
-0.00711059570312
-0.00903320312500
-0.01039886474609
-0.01118469238281
-0.01140594482422
-0.01107788085938
-0.01027679443359
-0.00906372070312
-0.00753021240234
-0.00577545166016
-0.00389862060547
-0.00199890136719
-0.00016784667969
0.00150299072266
0.00296783447266
0.00416564941406
0.00505828857422
0.00563812255859
0.00589752197266
0.00585174560547
0.00554656982422
0.00500488281250
0.00428771972656
0.00344085693359
0.00252532958984
0.00158691406250
0.00067901611328
-0.00015258789062
-0.00088500976562
-0.00148773193359
-0.00194549560547
-0.00225067138672
-0.00240325927734
-0.00242614746094
-0.00231933593750
-0.00211334228516
-0.00183105468750
-0.00149536132812
-0.00113677978516
-0.00077819824219
-0.00043487548828
-0.00012969970703
0.00012207031250
0.00032806396484
0.00047302246094
0.00056457519531
0.00059509277344
0.00058746337891
0.00054931640625
0.00048065185547
0.00039672851562
0.00030517578125
0.00022125244141
0.00014495849609
0.00008392333984
0.00003814697266
0.00000762939453
-0.00000762939453
-0.00000762939453
-0.00000762939453
0.00000000000000
0.00000000000000
0.00000000000000
