# gain: 1.04997837418799
# decimation: 14
# width: 24
# narrow: 1.05
# window: hanning
# coefficients: 18 bits
# 
-0.0000005773
-0.0000047268
-0.0000112092
-0.0000171537
-0.0000190012
-0.0000129444
0.0000045671
0.0000363050
0.0000837695
0.0001467741
0.0002231537
0.0003086313
0.0003968710
0.0004797299
0.0005477071
0.0005905715
0.0005981371
0.0005611361
0.0004721339
0.0003264175
0.0001227877
-0.0001358144
-0.0004419102
-0.0007833687
-0.0011436108
-0.0015021532
-0.0018354867
-0.0021182649
-0.0023247539
-0.0024304721
-0.0024139313
-0.0022583757
-0.0019534064
-0.0014963776
-0.0008934542
-0.0001602328
0.0006781517
0.0015874884
0.0025255445
0.0034437012
0.0042891238
0.0050073851
0.0055454257
0.0058547080
0.0058943950
0.0056343749
0.0050579430
0.0041639629
0.0029683393
0.0015046678
-0.0001760413
-0.0020066219
-0.0039059978
-0.0057823687
-0.0075372310
-0.0090700759
-0.0102835596
-0.0110889002
-0.0114112259
-0.0111945841
-0.0104063198
-0.0090405457
-0.0071204560
-0.0046992841
-0.0018597588
0.0012880108
0.0046102180
0.0079545185
0.0111564981
0.0140471955
0.0164613610
0.0182460719
0.0192692836
0.0194278755
0.0186547485
0.0169245534
0.0142576759
0.0107221699
0.0064334169
0.0015513934
-0.0037244589
-0.0091626439
-0.0145090671
-0.0194981805
-0.0238653624
-0.0273599839
-0.0297585565
-0.0308773114
-0.0305835592
-0.0288052011
-0.0255378193
-0.0208488667
-0.0148785876
-0.0078374470
0.0000000000
0.0083046908
0.0167058160
0.0248063087
0.0322004623
0.0384929401
0.0433183371
0.0463603833
0.0473698498
0.0461802332
0.0427203527
0.0370230982
0.0292297132
0.0195891740
0.0084524409
-0.0037384167
-0.0164659761
-0.0291576125
-0.0412093320
-0.0520123657
-0.0609814316
-0.0675834397
-0.0713653388
-0.0719797771
-0.0692072861
-0.0629737953
-0.0533624397
-0.0406188301
-0.0251492137
-0.0075112442
0.0116026045
0.0313886137
0.0509616961
0.0693905712
0.0857369646
0.0990973202
0.1086453426
0.1136735754
0.1136321875
0.1081631815
0.0971283604
0.0806295830
0.0590201086
0.0329061550
0.0031381706
-0.0292082701
-0.0628616138
-0.0963927567
-0.1282615885
-0.1568701130
-0.1806202900
-0.1979744910
-0.2075162920
-0.2080092412
-0.1984512539
-0.1781223906
-0.1466239784
-0.1039073184
-0.0502905912
0.0135370061
0.0865243773
0.1672808880
0.2541114435
0.3450632606
0.4379828438
0.5305812612
0.6205054714
0.7054131906
0.7830486252
0.8513163308
0.9083505021
0.9525771495
0.9827668626
0.9980762065
0.9980762065
0.9827668626
0.9525771495
0.9083505021
0.8513163308
0.7830486252
0.7054131906
0.6205054714
0.5305812612
0.4379828438
0.3450632606
0.2541114435
0.1672808880
0.0865243773
0.0135370061
-0.0502905912
-0.1039073184
-0.1466239784
-0.1781223906
-0.1984512539
-0.2080092412
-0.2075162920
-0.1979744910
-0.1806202900
-0.1568701130
-0.1282615885
-0.0963927567
-0.0628616138
-0.0292082701
0.0031381706
0.0329061550
0.0590201086
0.0806295830
0.0971283604
0.1081631815
0.1136321875
0.1136735754
0.1086453426
0.0990973202
0.0857369646
0.0693905712
0.0509616961
0.0313886137
0.0116026045
-0.0075112442
-0.0251492137
-0.0406188301
-0.0533624397
-0.0629737953
-0.0692072861
-0.0719797771
-0.0713653388
-0.0675834397
-0.0609814316
-0.0520123657
-0.0412093320
-0.0291576125
-0.0164659761
-0.0037384167
0.0084524409
0.0195891740
0.0292297132
0.0370230982
0.0427203527
0.0461802332
0.0473698498
0.0463603833
0.0433183371
0.0384929401
0.0322004623
0.0248063087
0.0167058160
0.0083046908
0.0000000000
-0.0078374470
-0.0148785876
-0.0208488667
-0.0255378193
-0.0288052011
-0.0305835592
-0.0308773114
-0.0297585565
-0.0273599839
-0.0238653624
-0.0194981805
-0.0145090671
-0.0091626439
-0.0037244589
0.0015513934
0.0064334169
0.0107221699
0.0142576759
0.0169245534
0.0186547485
0.0194278755
0.0192692836
0.0182460719
0.0164613610
0.0140471955
0.0111564981
0.0079545185
0.0046102180
0.0012880108
-0.0018597588
-0.0046992841
-0.0071204560
-0.0090405457
-0.0104063198
-0.0111945841
-0.0114112259
-0.0110889002
-0.0102835596
-0.0090700759
-0.0075372310
-0.0057823687
-0.0039059978
-0.0020066219
-0.0001760413
0.0015046678
0.0029683393
0.0041639629
0.0050579430
0.0056343749
0.0058943950
0.0058547080
0.0055454257
0.0050073851
0.0042891238
0.0034437012
0.0025255445
0.0015874884
0.0006781517
-0.0001602328
-0.0008934542
-0.0014963776
-0.0019534064
-0.0022583757
-0.0024139313
-0.0024304721
-0.0023247539
-0.0021182649
-0.0018354867
-0.0015021532
-0.0011436108
-0.0007833687
-0.0004419102
-0.0001358144
0.0001227877
0.0003264175
0.0004721339
0.0005611361
0.0005981371
0.0005905715
0.0005477071
0.0004797299
0.0003968710
0.0003086313
0.0002231537
0.0001467741
0.0000837695
0.0000363050
0.0000045671
-0.0000129444
-0.0000190012
-0.0000171537
-0.0000112092
-0.0000047268
-0.0000005773
